D_p = [99.72,99.22,99.20,99,74,99.20];
h_p = [4.02,4.04,4.02,4.04,4.02];
D = [99.92,99.92,99.92,99.92,99.92];
h = [10.00,9.98,9.92,10.00,9.96];
m = 680.21;