time = [2,4,6,8,10,12,14,16,18,20,22,24,26,28,30,32,34,36,38,40,42,44];
T_1 = [68.188,68.125,68.125,68.125,68.125,68.188,68.188,68.188,68.125,68.125,68.125,68.062,68.062,68.125,68.188,68.125,68.125,68.125,68.125,68.062,68.125,68.062];
T_2 = [55.875,56.688,57.375,57.875,58.250,58.438,58.812,59.000,59.123,59.250,59.312,59.375,59.438,59.438,59.500,59.500,59.562,59.562,59.500,59.438,59.500,59.438];
d2 = [time(1,end-4:end).',T_1(1,end-4:end).',T_2(1,end-4:end).'];